ICE2048
det(0
det(5,255
Lbl WELCOME

det(74,2,2
det(18,"Welcome to ICE2048!",30,100
det(74,1,1
det(18,"Enjoy your stay here...",30,140
det(18,"Press [enter] to continue...",50,230
Pause 
det(5,255
Lbl TEXT
det(18,"ICE2048 by jcgter777",9,2

Lbl GRID
det(2,0
det(35,9,19,212,212
det(2,214
det(36,10,20,210,210
Individual blocks below
det(2,182
det(36,20,30,40,40
det(36,70,30,40,40
det(36,120,30,40,40
det(36,170,30,40,40
det(36,20,80,40,40
det(36,70,80,40,40
det(36,120,80,40,40
det(36,170,80,40,40
det(36,20,130,40,40
det(36,70,130,40,40
det(36,120,130,40,40
det(36,170,130,40,40
det(36,20,180,40,40
det(36,70,180,40,40
det(36,120,180,40,40
det(36,170,180,40,40
Borders for individual blocks
det(2,0
det(35,19,29,41,41
det(35,69,29,41,41
det(35,119,29,41,41
det(35,169,29,41,41
det(35,19,79,41,41
det(35,69,79,41,41
det(35,119,79,41,41
det(35,169,79,41,41
det(35,19,129,41,41
det(35,69,129,41,41
det(35,119,129,41,41
det(35,169,129,41,41
det(35,19,179,41,41
det(35,69,179,41,41
det(35,119,179,41,41
det(35,169,179,41,41


Pause 
det(1
